import numpy as np
from numpy.linalg import inv

transform_matrix = np.array(
    [
        [
            0.35355339,
            0.35355339,
            0.35355339,
            0.35355339,
            0.35355339,
            0.35355339,
            0.35355339,
            0.35355339,
        ],
        [
            0.49039264,
            0.41573481,
            0.27778512,
            0.09754516,
            -0.09754516,
            -0.27778512,
            -0.41573481,
            -0.49039264,
        ],
        [
            0.46193977,
            0.19134172,
            -0.19134172,
            -0.46193977,
            -0.46193977,
            -0.19134172,
            0.19134172,
            0.46193977,
        ],
        [
            0.41573481,
            -0.09754516,
            -0.49039264,
            -0.27778512,
            0.27778512,
            0.49039264,
            0.09754516,
            -0.41573481,
        ],
        [
            0.35355339,
            -0.35355339,
            -0.35355339,
            0.35355339,
            0.35355339,
            -0.35355339,
            -0.35355339,
            0.35355339,
        ],
        [
            0.27778512,
            -0.49039264,
            0.09754516,
            0.41573481,
            -0.41573481,
            -0.09754516,
            0.49039264,
            -0.27778512,
        ],
        [
            0.19134172,
            -0.46193977,
            0.46193977,
            -0.19134172,
            -0.19134172,
            0.46193977,
            -0.46193977,
            0.19134172,
        ],
        [
            0.09754516,
            -0.27778512,
            0.41573481,
            -0.49039264,
            0.49039264,
            -0.41573481,
            0.27778512,
            -0.09754516,
        ],
    ]
)

transform_matrix_prime = inv(transform_matrix)
quantization_matrix = np.array(
    [
        [32.0, 22.0, 20.0, 32.0, 48.0, 80.0, 104.0, 122.0],
        [24.0, 24.0, 28.0, 38.0, 52.0, 116.0, 120.0, 110.0],
        [28.0, 26.0, 32.0, 48.0, 80.0, 114.0, 138.0, 112.0],
        [28.0, 34.0, 44.0, 58.0, 102.0, 174.0, 160.0, 124.0],
        [36.0, 44.0, 74.0, 112.0, 136.0, 218.0, 206.0, 154.0],
        [48.0, 70.0, 110.0, 128.0, 162.0, 208.0, 226.0, 184.0],
        [98.0, 128.0, 156.0, 174.0, 206.0, 242.0, 240.0, 202.0],
        [144.0, 184.0, 190.0, 196.0, 224.0, 200.0, 206.0, 198.0],
    ]
)
